0.05233
0.06255
0.07612
0.11878
0.20913
0.25606
0.39887
0.43029
0.53838
0.55812
0.5616
0.56322
0.59779
0.62454
0.62459
0.62502
0.64215
0.65629
0.70377
0.81734
0.86219
0.87793
0.88158
0.92501
0.93274
1.036528
1.119861
1.17482
1.201604
1.378875
1.494524
1.52707
1.555622
1.576997
1.590728
1.602836
1.625148
1.650899
1.711234
1.724583
1.752575
1.757598
1.9009649
1.9223037
1.9436732
2.000553807
2.1124
2.156816
2.162573
2.172682
2.184622
2.18464
2.207822
2.241969
2.254714
2.349285
2.356168
2.36503
2.38354
2.413134
2.437124
2.472942
2.486367
2.488592
2.508742
2.51605
2.544497
2.548496
2.598767
2.608343
2.65949
2.671489
2.702878
2.708117
2.722129
2.840303
2.856394
2.896195
2.907702
2.910432
2.964404
2.967825
3.03477
3.10964
3.14345
3.22514
3.2435
3.25286
3.35141
3.41014
3.48194
3.51734
3.54431
3.61957
3.70093
3.72685
3.75176
3.76051
3.85257
3.86523