0.0	0.14680611432129625	0.648
0.01	0.1468193043408763	1.312
0.02	0.1468324954374838	1.966
0.03	0.14684568761120834	2.600
0.04	0.14685888086213927	3.232
0.05	0.1468720751903663	3.850
0.06	0.1468852705959789	4.475
0.07	0.14689846707906656	5.117
0.08	0.1469116646397188	5.752
0.09	0.1469248632780251	6.397
0.1	0.14693806299407508	7.038
0.11	0.14695126378795817	7.638
0.12	0.14696446565976393	8.279
0.13	0.1469776686095818	8.967
0.14	0.14699087263750135	9.581
0.15	0.14700407774361213	10.207
0.16	0.14701728392800362	10.850
0.17	0.1470304911907653	11.476
0.18	0.1470436995319867	12.148
0.19	0.14705690895175735	12.798
0.2	0.14707011945016676	13.413
0.21	0.1470833310273044	14.056
0.22	0.14709654368325983	14.696
0.23	0.14710975741812246	15.353
0.24	0.14712297223198204	15.995
0.25	0.14713618812492782	16.657
0.26	0.14714940509704943	17.300
0.27	0.14716262314843642	17.913
0.28	0.1471758422791782	18.566
0.29	0.14718906248936425	19.193
0.3	0.14720228377908423	19.850
0.31	0.1472155061484275	20.492
0.32	0.1472287295974837	21.136
0.33	0.14724195412634222	21.763
0.34	0.1472551797350926	22.398
0.35	0.14726840642382436	23.040
0.36	0.14728163419262705	23.680
0.37	0.14729486304159006	24.307
0.38	0.14730809297080297	24.970
0.39	0.1473213239803553	25.573
0.4	0.14733455607033652	26.202
0.41	0.14734778924083608	26.834
0.42	0.14736102349194358	27.444
0.43	0.14737425882374847	28.090
0.44	0.14738749523634026	28.695
0.45	0.1474007327298085	29.320
0.46	0.14741397130424258	29.944
0.47	0.14742721095973213	30.555
0.48	0.14744045169636652	31.335
0.49	0.14745369351423535	31.976
0.5	0.1474669364134281	32.602
0.51	0.1474801803940341	33.243
0.52	0.14749342545614316	33.876
0.53	0.1475066715998445	34.511
0.54	0.14751991882522783	35.125
0.55	0.1475331671323825	35.773
0.56	0.14754641652139802	36.404
0.57	0.1475596669923639	37.044
0.58	0.1475729185453697	37.665
0.59	0.1475861711805048	38.319
0.6	0.14759942489785874	38.977
0.61	0.1476126796975211	39.617
0.62	0.1476259355795812	40.236
0.63	0.14763919254412872	40.866
0.64	0.147652450591253	41.508
0.65	0.14766570972104362	42.150
0.66	0.14767896993359	42.790
0.67	0.1476922312289817	43.419
0.68	0.14770549360730817	44.047
0.69	0.14771875706865892	44.659
0.7	0.14773202161312335	45.310
0.71	0.14774528724079108	45.929
0.72	0.14775855395175155	46.577
0.73	0.14777182174609413	47.207
0.74	0.14778509062390857	47.831
0.75	0.14779836058528403	48.461
0.76	0.14781163163031022	49.099
0.77	0.14782490375907664	49.729
0.78	0.1478381769716726	50.367
0.79	0.14785145126818763	51.010
0.8	0.1478647266487114	51.651
0.81	0.14787800311333313	52.304
0.82	0.14789128066214244	52.931
0.83	0.14790455929522875	53.548
0.84	0.14791783901268163	54.192
0.85	0.14793111981459048	54.838
0.86	0.1479444017010448	55.445
0.87	0.14795768467213408	56.055
0.88	0.14797096872794782	56.700
0.89	0.1479842538685754	57.335
0.9	0.14799754009410637	57.943
0.91	0.1480108274046302	58.571
0.92	0.14802411580023644	59.226
0.93	0.14803740528101436	59.852
0.94	0.14805069584705363	60.464
0.95	0.1480639874984436	61.123
0.96	0.14807728023527386	61.751
0.97	0.1480905740576337	62.397
0.98	0.14810386896561276	63.033
0.99	0.14811716495930047	63.632
1.0	0.14813046203878624	64.287
1.01	0.14814376020415956	64.930
1.02	0.14815705945550997	65.554
1.03	0.1481703597929269	66.202
1.04	0.14818366121649973	66.834
1.05	0.148196963726318	67.540
1.06	0.14821026732247122	68.164
1.07	0.14822357200504876	68.805
1.08	0.14823687777414016	69.418
1.09	0.14825018462983486	70.029
1.1	0.14826349257222224	70.673
1.11	0.14827680160139192	71.309
1.12	0.14829011171743323	71.960
1.13	0.14830342292043563	72.586
1.14	0.14831673521048871	73.228
1.15	0.14833004858768187	73.850
1.16	0.1483433630521044	74.507
1.17	0.14835667860384605	75.133
1.18	0.14836999524299602	75.770
1.19	0.14838331296964388	76.398
1.2	0.14839663178387916	77.040
1.21	0.14840995168579116	77.666
1.22	0.14842327267546937	78.309
1.23	0.14843659475300336	78.935
1.24	0.14844991791848247	79.578
1.25	0.14846324217199613	80.221
1.26	0.148476567513634	80.851
1.27	0.14848989394348525	81.480
1.28	0.14850322146163944	82.119
1.29	0.14851655006818607	82.789
1.3	0.14852987976321458	83.413
1.31	0.14854321054681432	84.055
1.32	0.14855654241907487	84.681
1.33	0.1485698753800855	85.312
1.34	0.14858320942993586	85.915
1.35	0.14859654456871527	86.542
1.36	0.1486098807965132	87.169
1.37	0.14862321811341903	87.805
1.38	0.14863655651952234	88.413
1.39	0.14864989601491252	89.049
1.4	0.14866323659967895	89.661
1.41	0.1486765782739111	90.290
1.42	0.14868992103769837	90.898
1.43	0.14870326489113025	91.523
1.44	0.14871660983429616	92.169
1.45	0.14872995586728563	92.773
1.46	0.1487433029901879	93.450
1.47	0.14875665120309256	94.095
1.48	0.148770000506089	94.838
1.49	0.14878335089926661	95.632
1.5	0.1487967023827149	96.351
1.51	0.1488100549565233	97.088
1.52	0.14882340862078108	97.819
1.53	0.14883676337557786	98.516
1.54	0.14885011922100302	99.391
1.55	0.14886347615714593	100.226
1.56	0.14887683418409606	100.998
1.57	0.14889019330194284	101.632
1.58	0.14890355351077564	102.253
1.59	0.14891691481068395	102.883
1.6	0.1489302772017572	103.526
1.61	0.1489436406840848	104.181
1.62	0.14895700525775613	104.834
1.63	0.1489703709228606	105.465
1.64	0.1489837376794878	106.093
1.65	0.14899710552772685	106.731
1.66	0.14901047446766744	107.366
1.67	0.14902384449939887	108.007
1.68	0.1490372156230105	108.651
1.69	0.14905058783859185	109.305
1.7	0.14906396114623235	109.945
1.71	0.1490773355460213	110.578
1.72	0.14909071103804825	111.253
1.73	0.14910408762240246	111.897
1.74	0.14911746529917339	112.522
1.75	0.1491308440684506	113.143
1.76	0.1491442239303233	113.779
1.77	0.14915760488488095	114.415
1.78	0.1491709869322131	115.048
1.79	0.14918437007240895	115.675
1.8	0.149197754305558	116.367
1.81	0.14921113963174967	117.039
1.82	0.14922452605107336	117.682
1.83	0.14923791356361837	118.319
1.84	0.14925130216947427	118.946
1.85	0.14926469186873037	119.570
1.86	0.14927808266147607	120.196
1.87	0.14929147454780078	120.820
1.88	0.1493048675277939	121.445
1.89	0.14931826160154485	122.073
1.9	0.14933165676914298	122.702
1.91	0.14934505303067772	123.319
1.92	0.1493584503862384	123.970
1.93	0.14937184883591453	124.613
1.94	0.14938524837979542	125.255
1.95	0.14939864901797045	125.882
1.96	0.14941205075052902	126.523
1.97	0.14942545357756057	127.232
1.98	0.14943885749915453	127.866
1.99	0.1494522625154001	128.492
2.0	0.14946566862638686	129.133
2.01	0.14947907583220402	129.744
2.02	0.14949248413294114	130.352
2.03	0.14950589352868748	131.012
2.04	0.14951930401953248	131.638
2.05	0.14953271560556555	132.264
2.06	0.149546128286876	132.883
2.07	0.14955954206355324	133.516
2.08	0.14957295693568662	134.132
2.09	0.14958637290336554	134.817
2.1	0.14959978996667941	135.445
2.11	0.14961320812571763	136.077
2.12	0.14962662738056942	136.718
2.13	0.1496400477313242	137.350
2.14	0.14965346917807157	137.976
2.15	0.14966689172090064	138.617
2.16	0.14968031535990087	139.275
2.17	0.14969374009516162	139.902
2.18	0.14970716592677225	140.512
2.19	0.14972059285482214	141.155
2.2	0.1497340208794007	141.815
2.21	0.14974745000059722	142.444
2.22	0.1497608802185011	143.067
2.23	0.14977431153320167	143.689
2.24	0.14978774394478842	144.319
2.25	0.14980117745335053	144.976
2.26	0.14981461205897748	145.591
2.27	0.1498280477617585	146.236
2.28	0.14984148456178312	146.866
2.29	0.1498549224591406	147.476
2.3	0.14986836145392027	148.102
2.31	0.14988180154621158	148.744
2.32	0.1498952427361038	149.350
2.33	0.1499086850236863	149.985
2.34	0.14992212840904845	150.612
2.35	0.14993557289227957	151.278
2.36	0.14994901847346911	151.882
2.37	0.1499624651527062	152.507
2.38	0.14997591293008042	153.183
2.39	0.149989361805681	153.835
2.4	0.15000281177959732	154.476
2.41	0.15001626285191866	155.117
2.42	0.1500297150227344	155.778
2.43	0.1500431682921339	156.413
2.44	0.15005662266020653	157.056
2.45	0.1500700781270415	157.699
2.46	0.15008353469272825	158.367
2.47	0.1500969923573562	159.000
2.48	0.1501104511210145	159.658
2.49	0.15012391098379257	160.296
2.5	0.15013737194577978	160.920
2.51	0.1501508340070654	161.559
2.52	0.15016429716773874	162.214
2.53	0.15017776142788927	162.847
2.54	0.15019122678760619	163.475
2.55	0.1502046932469788	164.118
2.56	0.15021816080609654	164.757
2.57	0.15023162946504862	165.382
2.58	0.15024509922392446	166.009
2.59	0.15025857008281338	166.653
2.6	0.15027204204180458	167.303
2.61	0.15028551510098756	167.954
2.62	0.15029898926045152	168.565
2.63	0.1503124645202857	169.182
2.64	0.15032594088057968	169.836
2.65	0.15033941834142256	170.461
2.66	0.15035289690290368	171.128
2.67	0.15036637656511234	171.740
2.68	0.15037985732813794	172.367
2.69	0.15039333919206974	172.977
2.7	0.1504068221569971	173.618
2.71	0.1504203062230092	174.258
2.72	0.1504337913901955	174.901
2.73	0.15044727765864513	175.544
2.74	0.15046076502844755	176.172
2.75	0.15047425349969204	176.800
2.76	0.1504877430724679	177.496
2.77	0.15050123374686433	178.099
2.78	0.15051472552297068	178.726
2.79	0.1505282184008763	179.367
2.8	0.1505417123806705	179.992
2.81	0.15055520746244247	180.602
2.82	0.15056870364628158	181.236
2.83	0.15058220093227712	181.857
2.84	0.1505956993205184	182.477
2.85	0.15060919881109464	183.087
2.86	0.15062269940409523	183.697
2.87	0.15063620109960926	184.335
2.88	0.15064970389772628	184.963
2.89	0.15066320779853534	185.593
2.9	0.15067671280212597	186.205
2.91	0.15069021890858728	186.819
2.92	0.1507037261180085	187.444
2.93	0.15071723443047902	188.054
2.94	0.15073074384608817	188.700
2.95	0.15074425436492506	189.317
2.96	0.15075776598707916	189.913
2.97	0.1507712787126396	190.540
2.98	0.1507847925416957	191.164
2.99	0.15079830747433678	191.778
