0.844725117133017
2.329963437983177
1.9385870127682479
-0.7979168146381066
-2.192977984072913
1.209698475681261
-0.7659245141724909
1.737281799410658
-2.375249738978425
-2.596285437980129
2.9043618169064356
2.013694912561978
-1.6983727556515753
1.8932627529882433
2.654785470617403
-2.8222984278966443
0.7633000003568315
-3.0913292632611724
-0.3264702701582367
-2.666929671498187
1.1959195422655489
2.7826363904018594
1.337741528139838
-2.835514794110371
-2.151057356362731
-3.02979927120893
0.09408436005101173
2.6616885065144524
2.5781831823884316
2.2102816328306725
-0.9803694134409389
-2.359442768980358
1.8939975299495737
0.7012738185949678
2.297767774365104
1.4155295297176123
-1.103588309500132
0.09880678566022061
-0.8565545927613871
-0.25183260653630235
-2.8849441540560328
-2.089447181732965
0.8316514412589688
-2.1514951082030174
1.6982539246453303
1.4245679683737356
2.8788111670422465
2.3696898446022097
-2.7044893251181383
0.5918113405454566
2.6343686018869565
-1.028171568435151
-1.635241109178698
-0.387260163331522
1.716429414153926
-0.579643264714663
-1.6851922406619835
-2.4221572932234468
0.6501287730438885
0.25855361796910437
2.2224061700098963
-2.647897277988781
-0.12569047962791702
2.7085122584170156
-2.2004808122159067
2.148166620670546
2.5642332622769857
-2.6517753480232455
-0.5704437697168032
1.5702355749358565
-0.20504844503545572
2.947936046790952
-0.4432670919592878
-2.983176558739389
-2.6291250807442985
1.4737883162754422
0.058305495050055445
-2.07493170978006
-2.6954537634470963
-2.7028285117813122
-1.71601243255607
2.3604609651502395
-0.8501656055489666
1.4192535357223308
-2.226632986186033
-2.822462335353074
2.9204195887138757
0.57981994631312
2.568822920133467
-2.9636424492482547
-1.312739761460699
-1.1747619631719974
-0.1903749531122485
1.2002566359240632
-0.5542122574261725
-2.0352570616626378
2.8666654355721333
0.21223135124143377
1.9656467248990017
2.012535438615097
