-1.94767
-1.93745
-1.92388
-1.88122
-1.79087
-1.74394
-1.60113
-1.56971
-1.46162
-1.44188
-1.4384
-1.43678
-1.40221
-1.37546
-1.37541
-1.37498
-1.35785
-1.34371
-1.29623
-1.18266
-1.13781
-1.12207
-1.11842
-1.07499
-1.06726
-0.963472
-0.880139
-0.82518
-0.798396
-0.621125
-0.505476
-0.47293
-0.444378
-0.423003
-0.409272
-0.397164
-0.374852
-0.349101
-0.288766
-0.275417
-0.247425
-0.242402
-0.0990351
-0.0776963
-0.0563268
0.000553807
0.1124
0.156816
0.162573
0.172682
0.184622
0.18464
0.207822
0.241969
0.254714
0.349285
0.356168
0.36503
0.38354
0.413134
0.437124
0.472942
0.486367
0.488592
0.508742
0.51605
0.544497
0.548496
0.598767
0.608343
0.65949
0.671489
0.702878
0.708117
0.722129
0.840303
0.856394
0.896195
0.907702
0.910432
0.964404
0.967825
1.03477
1.10964
1.14345
1.22514
1.2435
1.25286
1.35141
1.41014
1.48194
1.51734
1.54431
1.61957
1.70093
1.72685
1.75176
1.76051
1.85257
1.86523
