0.640451
0.653888
0.667018
0.67986
0.692427
0.704733
0.71679
0.728608
0.740198
0.751567
0.762724
0.773676
0.784429
0.794989
0.805362
0.815551
0.825562
0.835398
0.845064
0.854561
0.863894
0.873064
0.882074
0.890927
0.899623
0.908165
0.916554
0.924792
0.965586
0.970497
0.975408
0.980319
0.985231
0.990143
0.995055
0.999968
1.00488
1.0098
1.01471
1.01962
1.02454
1.02946
1.03438
1.03929
1.04421
1.04913
1.05406
1.05898
1.0639
1.06883
1.07376
1.07868
1.08361
1.08854
1.09348
1.09841
1.10335
1.10829
1.11323
1.11817
1.12311
1.12806
1.13301
1.13796
1.14291
1.14787
1.15283
1.15779
1.16275
1.16771
1.17268
1.17765
1.14266
1.14406
1.14531
1.14641
1.14736
1.14815
1.14879
1.14928
1.14962
1.1498
1.14983
1.1497
1.14942
1.14899
1.14839
1.14764
1.14673
1.14566
1.14443
1.14304
1.14148
1.13976
1.13786
1.13579
1.13355
1.13113
1.12853
1.12574
