1.00757
1.01555
1.02327
1.03075
1.03801
1.04504
1.05186
1.05848
1.0649
1.07113
1.07717
1.08302
1.0887
1.09421
1.09955
1.10472
1.10972
1.11457
1.11925
1.12378
1.12815
1.13236
1.13643
1.14034
1.1441
1.14771
1.15117
1.15448
1.08395
1.08888
1.0938
1.09873
1.10365
1.10858
1.1135
1.11843
1.12336
1.12829
1.13321
1.13814
1.14307
1.148
1.15293
1.15787
1.1628
1.16774
1.17267
1.17761
1.18255
1.18749
1.19243
1.19737
1.20231
1.20726
1.21221
1.21715
1.22211
1.22706
1.23201
1.23697
1.24193
1.24689
1.25185
1.25681
1.26178
1.26675
1.27172
1.2767
1.28167
1.28665
1.29164
1.29662
1.14942
1.14583
1.1421
1.13821
1.13417
1.12998
1.12563
1.12113
1.11648
1.11166
1.1067
1.10157
1.09629
1.09084
1.08524
1.07947
1.07353
1.06743
1.06116
1.05472
1.04811
1.04132
1.03434
1.02718
1.01983
1.01229
1.00455
0.996602