0.328283
0.308081
0.348485
0.0656566
0.479798
0.409091
0.277778
-0.419192
0.166667
0.0757576
0.176768
0.358586
-0.0353535
0.0454545
0.106061
0.419192
0.0151515
0.0959596
0.469697
0.0555556
-0.489899
0.19697
-0.176768
0.237374
0.378788
-0.469697
0.227273
-0.378788
0.156566
0.29798
0.207071
0.287879
0.247475
-0.277778
0.368687
-0.257576
0.318182
-0.227273
0.39899
-0.237374
-0.0555556
-0.0151515
-0.449495
0.449495
0.257576
-0.0757576
-0.0454545
-0.308081
0.116162
0.146465
-0.348485
-0.19697
0.267677
0.186869
-0.0656566
-0.318182
-0.39899
-0.459596
0.429293
0.217172
-0.00505051
-0.106061
-0.5
0.489899
-0.409091
-0.439394
-0.287879
0.0858586
0.459596
-0.116162
-0.207071
-0.29798
0.00505051
0.0353535
0.0252525
-0.429293
-0.126263
-0.186869
-0.166667
-0.338384
-0.479798
0.126263
-0.267677
0.338384
-0.247475
-0.368687
-0.146465
-0.217172
-0.0959596
-0.388889
-0.328283
-0.0858586
-0.156566
-0.136364
-0.358586
0.388889
0.136364
-0.0252525
0.439394
0.5
